0 1442 926 1800 2114 1218
1 2994 321 1245 3072 356
2 739 1293 562 3419 821
3 631 896 1059 2499 1890
4 2985 2402 3616 2891 1000
5 2502 836 789 216 553
6 7 776 2763 1859 1962
7 3662 706 815 2065 3159
8 1603 11 2305 169 883
9 240 827 563 1900 884
10 1431 1582 1231 1432 496
11 169 33 679 8 1060
12 358 11 958 1719 322
13 2426 679 504 281 905
14 552 23 673 324 122
15 3843 2225 9 1346 1885
16 842 1459 647 243 1861
17 209 213 1268 1500 1640
18 1400 1454 1500 1315 978
19 2068 1236 1743 1822 1146
20 3423 58 282 1500 3293
21 333 1220 108 2161 3779
22 793 333 1231 2387 1888
23 237 1767 362 122 1108
24 12 441 2275 958 708
25 102 2203 1159 708 1358
26 338 965 47 3 50
27 138 1837 1315 268 77
28 1500 29 1199 1509 497
29 2499 28 3329 1236 154
30 3026 81 84 507 1863
31 1223 941 903 42 855
32 563 37 1279 285 1108
33 2198 1211 257 11 496
34 1509 1658 497 28 958
35 1313 1545 241 747 2682
36 965 1236 2954 818 38
37 32 3345 1655 1682 3592
38 484 2492 3 36 1236
39 1583 776 347 275 524
40 1058 772 2449 1817 3615
41 38 1059 53 3 227
42 336 2807 586 31 469
43 306 221 59 750 660
44 618 312 1856 81 1447
45 48 919 2275 2059 737
46 2275 2732 274 3368 672
47 26 50 60 63 61
48 45 3992 360 594 2805
49 3 596 27 18 26
50 26 1713 1199 2567 139
51 613 402 337 2158 139
52 314 177 2721 973 978
53 776 1315 1944 2567 179
54 3024 4000 117 2369 3920
55 1315 990 1088 992 1944
56 377 62 59 226 791
57 405 245 934 830 1318
58 324 1893 1500 596 2019
59 62 56 43 2293 2426
60 160 23 2629 1120 3051
61 417 541 26 63 413
62 59 56 1782 3244 1764
63 60 26 61 47 1219
64 3279 3779 2509 1220 1184
65 3463 812 66 468 3712
66 3848 2571 1978 3972 561
67 2805 684 268 344 764
68 3059 1644 1495 880 1945
69 990 2538 1806 2827 2620
70 1719 1883 130 1399 1037
71 2323 1472 750 295 2309
72 2438 2618 883 2427 1860
73 1108 1613 729 958 1297
74 1663 1956 1058 51 813
75 1441 1527 2035 627 2169
76 132 2628 1409 1730 380
77 738 521 244 80 269
78 390 53 3423 386 28
79 2266 3066 216 275 2019
80 647 77 842 244 269
81 44 416 921 714 618
82 370 3026 84 2004 1938
83 360 1108 737 921 169
84 1447 2004 2208 3320 349
85 1850 2080 181 3296 1595
86 1221 1013 2509 2828 994
87 2426 2264 1581 1624 908
88 780 3887 1799 95 889
89 338 3213 684 2650 363
90 129 92 909 127 1799
91 870 1583 92 1437 1799
92 129 90 1437 127 909
93 216 503 117 1219 2954
94 363 464 1611 2444 2016
95 1221 780 88 1495 1013
96 136 2001 546 185 274
97 95 1221 1611 2650 3719
98 99 101 1782 251 100
99 100 98 2017 884 928
100 99 2017 245 2213 482
101 98 482 1446 2260 714
102 245 750 1528 121 71
103 2303 1097 3250 2669 3013
104 47 411 26 890 307
105 907 3633 254 198 116
106 1624 87 1778 956 1545
107 551 503 3129 2682 3540
108 1931 909 1799 90 2161
109 910 692 925 156 2247
110 924 1097 3043 2834 2760
111 2537 1821 147 110 2936
112 679 11 98 958 144
113 1065 1197 2625 114 133
114 761 546 111 519 1065
115 3013 1263 2970 2844 3767
116 3021 2857 3767 2121 2169
117 2954 2384 2237 818 2269
118 3508 1258 1004 2389 3137
119 1477 55 2891 353 2384
120 591 1483 389 3197 433
121 102 71 1176 122 144
122 1890 362 1863 497 1509
123 1427 3203 1920 78 55
124 506 229 197 1389 1782
125 2460 2461 1775 1447 3427
126 329 2180 652 617 2653
127 909 129 90 92 2828
128 533 1467 2929 1837 181
129 90 92 158 127 1931
130 634 267 1407 699 1409
131 1409 692 2208 3311 1271
132 2628 1730 1409 3311 1211
133 699 924 634 1403 738
134 420 643 1403 382 2145
135 138 1915 3647 2567 816
136 923 244 138 1095 2993
137 1213 138 2721 2121 1859
138 2076 135 1837 1774 1770
139 269 268 842 738 2076
140 322 365 3773 2208 2029
141 648 80 3980 738 1320
142 519 2653 2383 1610 518
143 1046 1477 1078 821 1527
144 71 729 424 1060 388
145 1925 1407 714 495 3043
146 2585 1752 80 1217 2031
147 111 1785 457 495 760
148 317 643 666 2098 506
149 3380 1043 3549 1963 3586
150 1400 2567 1526 1314 2954
151 2596 208 1832 1638 2408
152 1874 2225 408 4031 1002
153 1286 213 320 2588 1513
154 818 2901 1255 3647 3733
155 2050 537 1888 1168 1946
156 1407 910 692 817 2213
157 150 483 1314 2007 557
158 129 2255 909 1799 3719
159 770 400 1396 3213 725
160 1863 343 2426 2226 1276
161 3213 391 523 410 744
162 687 1301 741 1952 827
163 557 386 2368 394 523
164 689 1602 844 1604 2040
165 828 1232 2489 3311 2918
166 1211 2819 3056 2264 2281
167 1475 617 2274 2383 289
168 691 3122 883 1227 166
169 360 1288 1176 795 1714
170 506 171 1389 679 1782
171 170 497 3222 161 162
172 15 1698 956 106 1282
173 905 232 395 1478 272
174 2225 408 1002 152 3250
175 1767 956 1227 2495 23
176 200 300 829 2013 1320
177 268 3992 693 1267 829
178 3490 1129 3920 607 2137
179 1944 230 154 923 1495
180 2478 3073 1298 1075 3807
181 533 1850 1713 821 552
182 2852 1186 347 230 673
183 353 2204 1396 493 212
184 138 268 2076 135 1837
185 347 212 1015 865 1886
186 2195 2889 2118 3672 3507
187 850 231 1498 276 1088
188 1539 368 1251 3215 3067
189 3092 3490 1926 2449 2269
190 455 3226 2001 84 572
191 1282 2267 1778 3154 3895
192 93 580 977 4048 212
193 632 433 256 1115 1378
194 513 2266 1915 880 2384
195 2840 3277 2066 3974 1491
196 2435 755 1219 194 880
197 124 506 3429 311 331
198 1477 276 3984 315 231
199 1754 1849 579 254 352
200 2254 1133 2816 803 657
201 709 738 80 269 634
202 707 799 388 729 1060
203 539 574 410 1203 980
204 354 2380 2087 2876 2585
205 437 1848 3311 2674 1018
206 1137 1211 380 1398 2264
207 2513 601 2895 2314 286
208 1832 2596 1431 1278 1590
209 213 1268 1286 152 2429
210 969 971 2139 2785 3205
211 3647 3140 1221 536 2647
212 2384 1302 1396 3647 2857
213 758 408 2429 209 1286
214 4032 2271 3842 2306 610
215 3124 2245 861 3769 2467
216 2265 1219 93 1139 2763
217 3673 3672 3507 3500 1298
218 3672 3673 2917 2710 3454
219 1815 1052 1633 1621 1040
220 231 3633 483 2634 3701
221 169 729 2309 2130 565
222 3475 487 60 2393 280
223 614 275 2262 254 252
224 1246 3333 3445 1156 1162
225 2469 505 825 227 275
226 34 858 3118 958 256
227 825 1046 194 880 727
228 745 821 1467 116 1477
229 124 593 2203 733 1679
230 138 2121 2076 1592 694
231 727 1593 3984 1777 315
232 2943 3992 395 2169 3137
233 1690 1500 683 391 558
234 1710 164 1312 840 1132
235 3161 1615 1606 1573 12
236 1332 1599 396 3128 256
237 23 1211 245 564 1108
238 696 3629 1752 418 1861
239 594 882 1395 1431 240
240 1399 1900 9 3485 884
241 3078 965 1890 3462 513
242 1016 353 1647 421 274
243 1130 1597 1349 806 1129
244 647 842 738 299 269
245 2991 76 100 405 1036
246 3813 2120 393 3094 137
247 3510 2029 1165 2808 2173
248 2955 3766 3876 1956 641
249 3218 1305 2656 2016 337
250 1313 441 922 747 224
251 3859 2748 2976 3118 1938
252 1040 223 1332 1462 858
253 474 73 251 1613 321
254 352 2169 2412 2158 886
255 337 3148 352 842 1213
256 1332 1378 601 396 236
257 1211 2348 2819 1101 2818
258 1730 1735 1906 2674 2190
259 629 3861 1380 2748 1684
260 3831 435 2242 1115 3442
261 3567 1112 3269 2840 1058
262 3392 1519 603 2535 606
263 609 475 2223 964 764
264 2362 2688 2526 459 1817
265 1127 2715 427 2222 2317
266 1231 777 869 1582 793
267 130 1409 634 1407 699
268 139 269 138 842 1837
269 738 842 139 268 244
270 2120 694 2121 477 1859
271 268 842 269 1737 244
272 268 139 1859 576 1837
273 2606 2139 2851 1544 2479
274 842 3013 299 1320 80
275 704 395 1810 1841 776
276 733 1498 198 2436 1607
277 3860 2205 1000 706 427
278 3083 275 1938 570 615
279 7 790 613 1342 3860
280 2532 362 438 339 621
281 13 2030 999 850 666
282 3490 607 2449 1315 1526
283 1948 880 1526 2459 3490
284 1060 1599 799 1201 1037
285 808 442 267 1688 130
286 207 130 808 267 1883
287 1058 1817 1188 808 133
288 1160 3476 2341 802 298
289 329 2274 1475 167 2177
290 1571 1342 3163 1837 476
291 2488 360 1108 1599 1462
292 1711 618 2862 652 737
293 2642 2352 2641 388 837
294 1593 1607 1349 736 1529
295 1060 2323 2188 71 2309
296 2896 3896 489 741 1599
297 782 3646 2955 1493 2625
298 631 324 836 55 1215
299 3013 3767 3369 842 2035
300 77 299 2816 2034 146
301 1582 777 1888 1211 1231
302 780 1583 870 1799 1931
303 1437 92 870 731 302
304 778 1220 266 561 730
305 715 1309 2358 2259 301
306 1730 903 1108 564 2309
307 135 2503 645 136 3076
308 896 92 303 1184 2161
309 1218 1389 1599 1288 884
310 813 300 3561 2659 3745
311 229 124 331 276 197
312 618 44 215 416 1447
313 1277 222 3244 311 964
314 3984 754 2266 275 194
315 1161 231 2120 198 1276
316 320 2763 2335 3616 3329
317 1139 1172 810 2365 1283
318 3190 2777 2441 2498 2334
319 3148 776 320 2223 2158
320 2335 1316 1462 776 1038
321 3921 3050 3065 653 2600
322 140 1108 1730 2029 3773
323 746 1037 373 1222 1148
324 1509 1685 2805 1863 1065
325 2169 1707 693 3013 3513
326 799 707 1528 729 202
327 2805 865 3369 3992 693
328 457 2537 111 2970 2936
329 2180 924 405 2862 1084
330 983 2449 182 3067 1186
331 254 1607 276 614 227
332 1039 2532 1355 638 572
333 22 3279 1231 108 537
334 2173 2029 3510 1211 1911
335 2029 2345 3510 1137 2753
336 2029 3864 335 2465 3375
337 350 352 2412 51 2419
338 1944 557 350 555 26
339 807 437 1211 280 3677
340 1228 1116 623 387 2215
341 1816 2486 1912 3487 482
342 1545 160 1057 1325 1863
343 1960 160 1801 1589 2679
344 1146 1234 3213 459 3486
345 3969 3696 1392 1980 2528
346 625 3146 1804 391 984
347 185 2384 212 230 674
348 2852 1146 1396 1261 898
349 1883 2004 2156 1938 2976
350 2419 337 560 2007 3148
351 722 350 503 337 2459
352 1776 2412 337 254 886
353 183 2204 138 274 3486
354 204 518 490 4014 865
355 126 519 2180 1530 142
356 919 1827 2275 1409 1051
357 1175 745 704 825 2584
358 1832 808 208 2881 1719
359 3516 3268 2488 1211 257
360 169 884 799 709 285
361 1477 1632 824 227 1469
362 1863 438 2511 1108 520
363 1303 725 771 1285 2080
364 1057 1599 1332 574 3059
365 3773 366 2808 2345 2346
366 365 3805 1657 2808 2552
367 1084 1218 1530 864 954
368 1539 3813 188 735 338
369 2486 1973 2281 2208 906
370 1212 4053 82 1218 1448
371 1164 1530 2156 321 520
372 3859 1000 84 698 822
373 925 323 1883 1177 3070
374 2318 3913 3662 1510 3695
375 3030 3195 2723 2855 2144
376 306 43 3316 807 1520
377 3382 56 2063 854 3547
378 837 2555 496 1144 382
379 2555 382 381 2352 3187
380 206 1211 76 2029 1730
381 3187 379 1178 3981 3780
382 3193 379 2555 1827 3187
383 1554 3574 3673 2648 3672
384 2625 1591 3212 2067 2251
385 484 38 654 178 41
386 991 3810 2451 1495 530
387 201 1952 1483 770 3919
388 799 1060 202 3221 2911
389 120 1483 410 3197 741
390 1293 1957 1427 161 684
391 3213 770 410 2451 683
392 789 2228 1825 2959 1376
393 145 2097 656 714 299
394 2650 391 682 552 163
395 3137 2169 232 2943 1199
396 2532 438 435 1574 2475
397 2486 906 928 2028 2310
398 1473 3186 2928 3903 3043
399 1295 503 738 139 522
400 1095 1837 159 77 842
401 3992 2857 2805 138 1770
402 51 613 2585 337 279
403 2803 3784 450 1556 3959
404 317 3015 1509 1139 1269
405 830 329 2862 1775 2180
406 3197 120 387 1935 1483
407 786 163 343 1890 631
408 2226 758 1002 2225 152
409 1377 3842 679 1749 805
410 1803 3197 770 1483 1275
411 1314 2161 2116 974 1013
412 2911 2616 617 388 1288
413 282 350 722 1896 230
414 1461 2734 1313 1098 1269
415 748 980 337 3860 609
416 618 1446 312 840 81
417 61 212 3213 1268 400
418 238 3436 3270 653 2393
419 1429 2417 2333 2481 3205
420 134 1939 152 4031 885
421 2225 408 1016 2226 1874
422 3307 2302 1774 1859 2767
423 586 934 2383 469 42
424 1863 552 144 497 1509
425 747 1770 1172 3922 1752
426 232 2098 2743 489 643
427 3083 3860 3009 3662 704
428 4006 3063 3839 3827 2144
429 1568 1807 1340 2689 2791
430 1327 839 1269 2015 2827
431 1116 601 256 1332 2895
432 434 678 573 786 741
433 591 678 1483 741 120
434 432 741 2253 433 688
435 2209 1953 1402 1483 1233
436 439 2493 3113 3207 3996
437 1848 3597 2553 2918 2144
438 2532 1402 3599 2686 362
439 436 3729 2131 3044 3683
440 2971 2227 2575 3130 3517
441 3113 1402 1108 2427 140
442 3276 285 1906 2345 2281
443 2209 2238 2210 459 456
444 1503 2134 3600 1481 4049
445 461 1388 1922 3212 2966
446 3620 447 2765 3623 3955
447 446 3107 1922 2074 3266
448 449 1341 3215 2950 1251
449 2567 3648 2318 2954 1944
450 3757 3628 2930 2954 3579
451 1753 3733 154 450 1209
452 3213 1396 845 725 1234
453 3414 1690 1410 2207 3060
454 3028 639 466 3599 3729
455 3599 2686 2679 2153 1402
456 2211 1233 2209 1301 636
457 1177 924 1407 1409 699
458 612 2798 3202 2393 3803
459 770 1275 1803 2210 1935
460 3097 3107 3298 3611 3632
461 1275 445 1302 2479 2620
462 3291 3024 1387 3657 3451
463 1999 445 3307 461 1388
464 2479 2852 1396 2137 461
465 3262 330 3924 3760 979
466 1723 3518 3600 1935 2887
467 3519 2264 1906 2693 751
468 561 1796 1654 92 127
469 507 2884 2465 2628 132
470 632 799 1719 756 958
471 281 171 3323 3503 2610
472 1130 268 374 1004 674
473 2076 138 842 1213 647
474 3119 494 1057 1462 1297
475 320 1146 776 763 609
476 1942 3745 290 1571 973
477 2561 270 503 88 889
478 2712 2876 695 3320 3516
479 3880 1128 1945 3439 2349
480 2938 3747 379 3551 1925
481 778 2461 908 1582 1888
482 2260 2834 3099 920 921
483 135 3490 2384 3662 1622
484 1944 179 754 55 38
485 1277 3054 1593 1632 2850
486 3103 3108 3105 1786 1062
487 721 505 3069 1246 2393
488 1510 3140 2622 3990 2316
489 2169 2711 856 3644 836
490 1441 2943 2336 1666 2169
491 3583 2171 4041 882 2968
492 2761 3981 2916 2563 2991
493 3672 536 2425 3647 1725
494 1883 856 2004 1462 2404
495 1409 919 1407 692 1785
496 2213 3187 2555 1827 382
497 122 28 1509 216 1686
498 758 759 213 3841 885
499 1999 2567 3648 965 138
500 2120 526 408 3992 1002
501 1396 1732 464 3811 1922
502 2218 992 718 1236 1690
503 399 1013 1583 870 2656
504 2426 1686 1863 546 1782
505 487 3069 727 1469 721
506 124 1389 1782 2203 170
507 1673 469 130 1031 1483
508 2649 2597 3747 1035 2513
509 1193 2345 2686 1448 2089
510 828 1730 1409 1211 2029
511 747 963 739 2924 2
512 613 609 337 3860 3437
513 2852 194 2789 2850 3078
514 2674 165 2029 1730 2408
515 1817 608 2895 431 1204
516 1668 881 2797 2270 1600
517 3213 3681 3600 980 1803
518 519 3218 1031 2211 2209
519 518 3218 2211 1031 2209
520 362 2511 2345 1530 438
521 682 77 813 3218 647
522 2035 3368 1213 2970 3013
523 343 163 785 161 1139
524 824 2584 279 357 3860
525 2330 2163 703 901 70
526 1075 3581 2120 2442 3073
527 2412 1776 1487 6 1088
528 2789 3784 2647 3462 2399
529 859 1738 2353 1666 825
530 3449 1075 2121 2126 2498
531 2978 158 1799 3490 1128
532 2047 2713 1173 1617 3356
533 1837 181 2564 138 1713
534 1639 152 2850 4031 3461
535 4031 2917 534 3500 2850
536 3500 2214 493 3672 2425
537 1888 777 2461 1582 2460
538 2176 705 2098 341 2809
539 203 1501 1938 3859 349
540 738 1403 709 269 1268
541 2849 705 2237 61 965
542 1601 2162 2256 2920 2733
543 2056 2163 3070 746 1105
544 1148 2891 323 1306 2236
545 1403 2438 2936 830 2641
546 2039 746 636 1031 1714
547 2969 2724 4039 2493 2971
548 2690 2689 3154 2037 3455
549 1861 3013 3843 133 1508
550 2564 2228 3060 2957 870
551 107 1341 2120 1563 555
552 1783 324 829 1199 549
553 673 324 2039 2891 829
554 555 1302 2701 2399 557
555 2802 1559 554 557 1081
556 2701 2870 555 1788 1025
557 555 1559 2567 1944 2007
558 557 1306 2505 2451 1611
559 1497 3281 952 1463 3499
560 350 2007 2223 3148 814
561 936 2460 1699 1978 537
562 2500 2322 909 1437 1292
563 1714 1900 9 1475 32
564 1730 1211 828 1906 1911
565 2674 1018 2310 245 2281
566 1041 594 175 2749 906
567 1325 629 3051 3411 1736
568 2449 3920 3183 1013 3490
569 3932 2385 1643 1276 151
570 856 2404 2748 2087 1316
571 2237 1999 2953 2420 117
572 2532 795 1301 3442 3599
573 3197 410 1483 770 741
574 2439 3563 3135 2797 3158
575 956 3679 2434 13 2808
576 1467 2750 1249 815 7
577 815 2659 2065 1188 881
578 2087 857 1258 1893 3137
579 2771 2354 1405 3616 2891
580 2606 642 2409 192 1682
581 1019 2689 3762 3510 2274
582 2145 857 924 3992 1297
583 3368 3013 634 1407 299
584 1233 1497 952 2493 1039
585 334 3510 1398 3534 206
586 336 941 339 334 335
587 1395 2660 2679 1732 2186
588 2133 835 3231 2623 342
589 1122 2013 992 1690 1236
590 3015 733 3860 284 1806
591 433 120 678 1037 2236
592 202 2989 3859 1288 3268
593 2203 229 623 1389 3146
594 928 1939 239 3903 1321
595 2473 670 254 657 834
596 3078 241 1915 1199 1277
597 996 834 3875 1873 1269
598 912 907 1133 2254 230
599 2281 2692 1193 1906 2918
600 2960 3523 3844 1794 3088
601 207 808 2004 256 1332
602 1082 1204 1636 3523 3587
603 3553 3361 1600 1206 3278
604 1125 623 273 1269 2444
605 1503 1855 1005 845 2606
606 3278 603 1761 3692 262
607 3490 1129 1526 282 1896
608 2895 2270 3269 516 1668
609 263 2223 2158 748 1817
610 3394 3090 2942 2961 2541
611 2056 83 223 3859 252
612 3876 418 3766 3083 1867
613 51 790 2412 279 2158
614 223 279 254 275 1088
615 3859 1489 665 2404 1755
616 335 3086 2029 3864 2674
617 2383 2653 1475 167 2180
618 416 3538 312 292 44
619 1956 2412 1493 2176 1893
620 3470 3787 640 2166 1625
621 788 438 2532 1781 638
622 1119 1386 934 3375 1230
623 1156 604 160 1569 343
624 1146 568 348 759 1733
625 346 983 1804 2224 984
626 493 1683 2879 1966 896
627 1823 75 2891 992 2354
628 2939 2936 1177 4014 1984
629 3899 1890 1403 259 789
630 1249 3626 1717 1861 2667
631 1500 3 3148 965 2302
632 470 1462 70 1883 193
633 194 1949 710 815 1753
634 1407 130 699 267 3368
635 2434 1830 2654 2071 1781
636 827 1739 546 884 1150
637 916 3325 2283 917 1401
638 332 3499 1448 932 621
639 2925 3028 3166 1357 1780
640 1172 2497 1512 2189 1451
641 1493 3083 3709 1489 767
642 2072 2134 1922 1960 2544
643 2275 3992 2743 2169 134
644 2789 1922 3784 3628 1915
645 1484 307 845 1678 1854
646 1539 2419 555 965 1627
647 244 842 80 738 269
648 1770 401 3992 299 3369
649 3583 2512 2666 1359 2718
650 833 2721 138 2204 401
651 1429 3752 2735 3121 2481
652 2554 457 495 3043 329
653 2156 924 3551 1938 2568
654 2204 493 2721 3672 2140
655 1622 735 2139 2120 315
656 2303 714 910 2816 4031
657 2254 3644 1133 920 2061
658 322 2681 329 3043 140
659 519 3218 1738 460 1145
660 768 1232 1636 3268 843
661 1187 543 1782 2056 1176
662 3279 2460 2255 2521 537
663 2066 2219 3755 2308 3353
664 483 1477 231 1804 3984
665 2004 2404 3859 349 1883
666 1938 613 3083 3876 3859
667 2436 1754 1498 1046 735
668 4048 3820 287 596 785
669 3269 2223 261 1371 1956
670 249 2143 834 3859 2771
671 2208 2460 1775 3011 902
672 46 269 2805 738 327
673 3992 694 2805 3137 553
674 2226 1016 912 1495 1647
675 3516 793 3427 1216 2918
676 780 88 302 1799 889
677 1906 1472 2553 1211 2348
678 433 591 432 741 1037
679 2253 1863 11 170 112
680 2798 2475 2028 593 3845
681 3024 1944 2584 825 1526
682 521 2034 3218 1081 1095
683 2650 684 391 159 770
684 3213 683 1920 77 3486
685 544 1148 1306 3505 2920
686 827 496 1150 636 3050
687 162 1301 688 741 3197
688 687 3197 1483 410 434
689 1228 1602 2504 164 2152
690 2170 1156 1590 168 3040
691 366 168 2506 1914 883
692 1407 156 109 1409 131
693 3250 1707 3013 3843 2857
694 2763 1326 3137 673 2121
695 1168 866 2897 2281 2774
696 2543 3358 2846 2439 2882
697 2190 564 2910 492 617
698 1629 591 1000 1037 323
699 924 133 634 1177 130
700 2861 2566 2486 2495 2173
701 1928 2200 3702 1554 3581
702 3847 704 4005 2064 1078
703 1230 1223 2130 336 2496
704 2439 3358 706 3913 2128
705 135 138 1627 3240 3078
706 2750 704 3135 3662 3695
707 202 326 1599 799 373
708 441 808 322 1108 956
709 1883 634 201 3110 1514
710 647 2076 3256 2062 633
711 2560 2180 1727 1933 2652
712 2213 2596 2649 1431 924
713 1396 212 1732 2852 3486
714 3903 921 817 656 2303
715 1432 2428 2596 2555 1361
716 213 1286 320 829 759
717 3465 2916 1431 2213 1036
718 806 2218 2226 2068 884
719 2310 397 3617 921 906
720 3062 3882 398 3997 3043
721 487 3069 2066 505 1086
722 813 1663 985 2007 2567
723 2492 3615 852 2317 3015
724 3298 2220 2936 4012 1222
725 1303 212 2080 363 1741
726 920 1389 1782 240 1399
727 1963 825 231 3984 1498
728 2460 1628 2387 2934 793
729 1060 326 2198 202 1730
730 537 908 2461 2050 1220
731 303 3015 1220 1292 1437
732 2375 1999 3648 2954 2368
733 276 1679 229 2436 727
734 3490 3092 2140 3628 2326
735 1539 1607 736 2459 1896
736 1539 735 294 1963 1349
737 329 1496 2029 292 3534
738 842 269 2035 3013 3368
739 1890 631 2 499 1678
740 1436 3831 2029 2918 2861
741 1301 1483 2210 162 433
742 2414 387 1957 120 1424
743 1942 1342 3211 1802 2239
744 2368 1957 3648 1860 2323
745 576 2240 3498 764 1467
746 2143 2976 3740 1468 323
747 1457 3402 3470 425 3990
748 2319 1112 609 3148 2746
749 2715 3118 867 706 320
750 2198 1730 1211 729 71
751 2029 2264 1211 2345 336
752 1797 1581 2910 906 1651
753 1768 3578 1216 1994 1840
754 179 484 965 314 1315
755 150 449 798 2105 1944
756 1599 470 207 256 286
757 1649 992 2062 2751 2250
758 408 213 912 759 2226
759 758 806 1016 674 992
760 3903 714 496 1785 3187
761 111 114 2805 3992 582
762 3566 2771 3094 1050 1824
763 790 320 1038 475 352
764 745 194 576 673 1580
765 3709 1489 767 4010 3692
766 3359 3552 767 1206 2197
767 3709 3404 1489 641 766
768 3268 1137 2241 660 2753
769 333 793 537 1888 2460
770 410 1803 459 1275 3213
771 1285 363 889 1303 1305
772 1724 881 770 2825 669
773 177 1545 965 1478 1639
774 1332 2253 3244 1246 1379
775 4012 2804 323 1222 2976
776 1495 6 1038 3913 815
777 1231 1582 537 1888 1946
778 481 537 2050 2461 1220
779 644 3976 1544 2647 3784
780 870 1799 302 1583 88
781 1058 3110 1817 238 2411
782 2412 352 3766 821 1776
783 1371 2253 1509 799 1358
784 640 1893 1451 2497 4048
785 1803 410 3197 770 1275
786 1371 785 1500 1801 1803
787 1398 2654 1906 3510 1137
788 621 206 1355 1780 1721
789 392 1507 1494 1962 2368
790 613 279 352 1038 319
791 2435 4024 1539 2459 2292
792 3427 2208 2808 908 3124
793 1231 2460 3427 1888 1628
794 2616 2209 435 1483 3044
795 1301 2198 1332 396 169
796 3691 1309 1331 1816 5
797 1952 1483 391 770 3197
798 3819 1209 1944 1580 163
799 326 388 202 130 707
800 1116 406 3197 296 1483
801 2436 1679 3146 1219 3215
802 1437 3015 2341 303 562
803 200 2303 714 3903 2669
804 487 1321 1613 1212 1120
805 673 184 2067 211 1014
806 759 2226 408 674 2068
807 339 854 306 750 1522
808 286 601 207 287 285
809 3704 3238 1239 3702 1506
810 1139 3083 1509 1249 2189
811 1944 2007 818 2954 923
812 865 1439 3368 4014 1177
813 2007 2318 3625 814 1663
814 1255 2778 3913 2708 2497
815 3913 1674 2750 118 3695
816 138 135 2204 1915 1904
817 156 714 692 760 3903
818 3647 154 965 1841 138
819 2925 2913 1914 2959 2923
820 789 2715 2738 3508 2039
821 782 181 868 263 143
822 1000 936 3859 2188 2402
823 1119 854 3424 2984 2572
824 2470 2207 524 704 1000
825 1046 727 3657 194 2436
826 883 2190 1783 3194 3584
827 636 884 1150 1301 1739
828 1211 1730 2761 2029 1906
829 1002 1199 2226 408 1647
830 405 2180 329 1541 1775
831 2614 2802 2655 2801 3218
832 2469 1899 596 1742 1974
833 650 1349 2721 1477 353
834 1611 2650 670 3719 2656
835 10 3406 425 1584 2850
836 1685 2352 3158 857 1249
837 2555 496 382 4034 378
838 1463 2395 952 1355 3160
839 1327 430 2816 3250 693
840 3538 618 416 292 1610
841 338 2978 682 3024 1183
842 738 3013 269 2076 2035
843 2753 1211 1496 1169 1192
844 1402 2654 2753 3831 2539
845 1275 452 3600 1503 3213
846 2064 3710 3774 1237 3022
847 338 1157 3262 1896 1948
848 2735 3490 1426 1831 974
849 847 153 2588 368 3262
850 1139 1487 829 187 2459
851 279 1863 184 1381 850
852 2322 1221 2492 157 723
853 111 3714 551 3566 1691
854 3424 1677 3864 2277 1676
855 1223 2920 903 707 1409
856 2976 1258 2169 3158 2804
857 3515 2750 2389 3250 3137
858 886 856 2157 1056 1258
859 1527 1859 395 1441 139
860 3655 3677 1676 3762 365
861 3769 215 2467 2246 860
862 3262 554 2139 178 3183
863 929 88 780 889 1612
864 1530 2862 1084 1212 329
865 2169 3369 327 3368 1739
866 2004 2657 2057 1489 2906
867 2270 1112 3009 706 3135
868 641 1493 427 319 1849
869 266 1231 936 1144 1978
870 1931 1583 1799 780 2317
871 1435 864 4053 1568 2231
872 207 2004 2513 3844 2960
873 2348 1887 2553 3186 2928
874 1542 3081 3333 1246 906
875 1155 738 1411 2710 2145
876 1172 2840 2759 3156 1206
877 3867 3231 2924 876 2072
878 1250 1511 1400 1632 2499
879 2758 1457 2542 2894 1663
880 194 2384 825 2266 386
881 2622 1188 3135 2750 867
882 1431 3903 1097 1939 3187
883 3194 3056 826 1176 2486
884 2213 827 636 496 1399
885 1874 4031 408 1002 152
886 3922 696 2412 858 1249
887 1157 558 3486 2651 212
888 3329 1944 154 3745 923
889 2561 88 2650 1611 3886
890 1195 1891 517 1234 1275
891 3729 2878 3448 1402 2686
892 660 1910 3795 1502 3385
893 1751 1930 861 3115 2230
894 955 1191 564 2310 787
895 870 1364 1326 1583 2763
896 3015 1221 3 92 2492
897 1101 3306 2678 1431 3186
898 1261 1395 2660 3485 1569
899 2660 898 2397 264 1569
900 34 1330 1117 389 2210
901 2461 2460 1967 937 3516
902 3642 1775 125 793 1231
903 2309 1730 132 729 855
904 1949 1495 2302 194 28
905 3992 2711 2850 4031 232
906 3056 2486 2761 2563 2344
907 912 2169 3992 3137 865
908 481 2461 1216 2259 2717
909 1437 2255 3060 1799 1931
910 924 2247 3747 156 3043
911 1178 1986 1821 3551 2075
912 2429 2226 408 758 1647
913 2958 392 2189 2375 2228
914 2700 2740 2866 2623 2119
915 3268 2488 2496 1100 1967
916 917 3902 1676 637 1401
917 916 3902 2346 2071 3997
918 916 3902 917 1401 3080
919 1399 495 1407 634 1835
920 1133 2260 925 1276 714
921 1473 714 3903 2142 398
922 2679 1403 2686 1108 2552
923 2007 2567 2954 1944 3745
924 699 2059 133 2760 3043
925 920 109 373 1133 156
926 0 373 1031 1089 925
927 1755 2156 1480 1884 3322
928 2028 397 594 2017 99
929 863 1183 2048 1828 1539
930 684 18 1236 991 344
931 3733 3648 3745 818 555
932 635 2925 1781 3028 2227
933 948 2089 3773 2539 2723
934 423 2180 31 1522 2400
935 3769 618 1709 2246 3538
936 561 1978 869 1699 1888
937 257 2818 1245 750 901
938 1781 2495 948 1981 3854
939 1031 1946 1271 3065 3970
940 947 3769 854 3538 2474
941 617 329 586 405 334
942 1169 2658 2539 768 2674
943 435 1402 952 1953 1233
944 1657 945 2808 3597 1085
945 3796 3762 1502 944 1657
946 945 948 365 3796 3124
947 940 3538 1909 3377 854
948 1169 933 3510 1911 365
949 950 948 616 1118 1036
950 951 2654 335 365 3773
951 950 635 3028 2654 2791
952 1233 1402 1395 3499 1497
953 1541 948 586 2899 336
954 1621 367 1158 1218 1604
955 1906 1232 828 1211 322
956 2401 3409 1108 3051 2434
957 640 1678 967 3413 3420
958 1380 799 1108 999 729
959 281 123 25 1391 1456
960 2401 2133 3420 35 1507
961 2173 329 1019 1120 1693
962 1507 1139 534 551 2503
963 3088 1440 2292 2382 3051
964 230 263 2573 965 1314
965 818 2567 2375 2954 1495
966 135 3581 184 673 2857
967 968 2901 3806 1626 2930
968 967 2789 1626 150 1544
969 2785 2417 1426 2735 2786
970 1607 623 1422 194 1817
971 2096 2785 2233 2139 2735
972 3259 3983 1772 3920 3125
973 1944 1544 2870 2954 2879
974 1526 2978 1896 3490 1225
975 3154 3876 3803 849 3174
976 188 2687 448 3121 3146
977 1314 2237 2954 3806 1544
978 4004 4007 1400 2013 1682
979 969 1567 2417 2735 3943
980 1803 410 770 3626 3213
981 764 995 2204 2103 2651
982 1731 3325 3424 2446 3713
983 330 625 984 97 1926
984 1617 3418 2676 3520 273
985 722 1663 3806 1919 1507
986 674 2226 2384 2266 806
987 3842 2996 1387 3738 2124
988 3463 3336 2079 1546 979
989 770 264 2519 298 443
990 1904 818 1944 923 2954
991 2302 1944 2368 386 449
992 1822 627 759 502 320
993 1779 499 3246 818 965
994 3183 1013 2105 3292 3650
995 2319 2103 991 2879 2942
996 3875 2051 1937 127 3418
997 1132 2588 1602 2919 1306
998 494 349 1084 1938 3859
999 958 1283 629 1890 2253
1000 2402 3859 822 1105 2188
1001 747 1403 261 1155 1282
1002 408 829 3461 152 3250
1003 1010 2123 1557 3737 3814
1004 118 1258 3137 3695 3498
1005 3540 2359 3811 2764 1922
1006 1011 2543 3358 2135 2857
1007 829 2013 1199 28 2226
1008 1009 3016 1011 1516 3355
1009 1008 2135 3016 1516 1011
1010 1003 2123 3620 1557 3366
1011 1008 2135 118 1004 2389
1012 1090 770 1423 74 1234
1013 3757 3490 3733 150 3579
1014 154 1591 1565 805 2007
1015 806 1016 185 1186 1739
1016 421 1261 674 806 1823
1017 329 2493 3499 455 2903
1018 2674 1211 1848 1232 2029
1019 2434 1120 2808 2346 2689
1020 1340 1021 1828 1005 638
1021 1556 2867 3096 2967 3897
1022 4026 791 1021 1020 3484
1023 2953 811 3490 1157 2604
1024 2402 1222 2891 1405 1425
1025 555 554 2802 3566 3262
1026 3015 2561 1292 870 1437
1027 957 3314 3414 3786 2941
1028 2041 3714 1081 3716 3461
1029 2958 3231 2011 2535 3328
1030 2039 1345 3716 1468 546
1031 2920 2804 546 939 1222
1032 2898 1860 2839 2438 1688
1033 2818 2281 132 3516 2692
1034 3437 3158 1717 2976 2065
1035 1407 924 1403 3043 1835
1036 1638 492 2408 2310 2916
1037 1883 323 2976 746 3740
1038 776 3681 696 3498 320
1039 1233 2211 1953 435 2209
1040 252 1218 3617 1389 367
1041 928 3586 1321 99 566
1042 2115 216 3787 576 184
1043 1632 3846 2129 149 3069
1044 808 1045 2182 601 286
1045 267 3043 1409 2314 130
1046 825 2436 727 1477 1400
1047 1407 634 924 1403 1035
1048 2187 3098 2252 2502 3021
1049 1625 3571 3 1400 1467
1050 2771 3824 1345 1774 530
1051 1035 1407 3043 1925 3187
1052 219 1633 3026 2283 1119
1053 2982 3049 3462 1517 2845
1054 1876 1632 4018 3054 1877
1055 4018 1274 2946 3726 1877
1056 867 2439 3665 706 3135
1057 1056 706 364 1599 3135
1058 287 1188 1268 261 738
1059 631 2100 3 633 1753
1060 295 2309 729 388 202
1061 1066 1067 1071 3939 1074
1062 1792 1074 3723 3360 2802
1063 3814 2200 1560 3702 2123
1064 1069 1076 3814 2122 1557
1065 324 746 1527 858 1468
1066 1061 3720 1062 1067 1071
1067 1071 1080 1061 2324 3724
1068 1554 3705 2195 3507 3238
1069 3814 2123 2122 1557 2867
1070 2548 1077 3275 1068 3228
1071 1067 3724 3638 1080 1061
1072 3695 3913 2015 2389 2478
1073 3772 2126 1255 2790 3144
1074 2873 2867 1064 1560 3814
1075 1859 1072 2478 1559 530
1076 1560 2123 2122 1069 1064
1077 3228 3705 3613 1070 1009
1078 3913 3695 3358 2592 2128
1079 1365 2754 3342 1955 2813
1080 1067 1071 1061 3612 2324
1081 2354 1075 1559 1072 3716
1082 602 2243 2359 1575 1724
1083 1085 3858 3325 2467 2142
1084 1530 1212 367 329 1039
1085 2808 3597 2506 3773 1657
1086 2716 3069 719 487 721
1087 3777 2069 3778 2396 1392
1088 1686 1038 1700 776 1199
1089 2563 2909 1601 2920 1651
1090 770 464 785 3681 2158
1091 2399 2765 3540 1388 1922
1092 1259 3462 3906 2840 3540
1093 770 159 1090 2148 410
1094 1356 1906 3831 1137 2281
1095 1485 2901 813 1559 842
1096 2678 1887 2424 828 4006
1097 924 3903 1939 910 3747
1098 2189 551 1863 1507 1383
1099 2429 2389 1874 693 1011
1100 1106 3679 537 915 2460
1101 1211 257 2348 2628 1638
1102 2906 3910 2165 866 3333
1103 1211 2173 1848 2029 1730
1104 1240 3109 3288 1420 1532
1105 2143 2335 2763 2891 3616
1106 1718 2552 2165 1100 3805
1107 3679 2717 1794 2808 1106
1108 924 699 1403 3043 1613
1109 2903 3762 2071 2808 3773
1110 1112 3353 516 867 3060
1111 1580 2170 412 3734 388
1112 867 3009 2270 3119 1493
1113 2520 3331 1761 3009 1112
1114 1664 2901 2567 1663 3561
1115 1356 260 3442 1137 2281
1116 431 795 256 285 169
1117 1714 770 139 776 1500
1118 1036 2310 942 948 2658
1119 823 854 3547 1522 3375
1120 1019 2346 2434 3510 3056
1121 2416 4012 3851 1442 3720
1122 589 1267 1573 759 1016
1123 2533 3965 1897 3014 2463
1124 2535 3392 3089 606 3278
1125 604 1182 2825 2606 2835
1126 3528 606 3090 2746 3089
1127 766 265 2361 3692 3359
1128 129 531 2139 158 2836
1129 607 3490 178 2492 1915
1130 243 1655 472 271 2384
1131 2479 3673 3177 3717 3784
1132 1712 1710 2215 997 1602
1133 920 1276 925 657 200
1134 719 2376 2413 3295 1299
1135 3187 1827 2555 3584 2563
1136 1346 1282 1707 1002 1903
1137 1211 1906 1730 3311 2628
1138 1409 919 457 495 652
1139 810 965 1507 962 317
1140 2200 2624 3342 814 3702
1141 2007 2901 923 2567 2228
1142 2974 1999 2237 3806 818
1143 3069 2990 4012 3686 2839
1144 2555 1231 777 1888 537
1145 2854 2682 1738 3202 3129
1146 1495 6 1859 992 1015
1147 1675 2178 2935 3383 1671
1148 3070 2891 3206 3476 3137
1149 1559 3947 923 1774 1904
1150 636 827 1739 3992 2743
1151 2120 2121 2614 270 137
1152 1306 489 865 2743 3706
1153 1648 1256 3952 1239 3238
1154 2401 1227 1120 1247 2682
1155 1835 3992 2145 3013 842
1156 2170 623 2529 690 224
1157 1944 991 2105 2953 2451
1158 954 572 903 438 795
1159 1139 789 810 1679 1507
1160 1495 1146 776 1236 992
1161 3644 1276 315 2120 907
1162 2045 534 1833 1297 857
1163 3967 3845 1143 3244 3069
1164 1530 1084 2147 864 1212
1165 2029 1848 3510 2654 335
1166 778 910 481 3679 1100
1167 3579 731 2901 3733 2498
1168 1946 1628 1888 1231 2460
1169 2241 1496 2029 2281 2539
1170 561 1978 936 3848 869
1171 2213 2555 2039 496 2920
1172 3282 1547 3156 2581 1206
1173 513 532 1915 1617 2620
1174 1584 2204 2336 328 865
1175 357 3707 1302 2150 2302
1176 3194 1714 1832 1288 2260
1177 3368 634 699 457 924
1178 3747 3237 3981 911 381
1179 2135 1011 1009 1516 3644
1180 2653 2563 1409 2344 2618
1181 286 207 2513 1900 2284
1182 1617 1503 2746 464 2134
1183 3121 1578 3104 929 3697
1184 129 1221 1326 870 1799
1185 1941 3519 2029 3854 3677
1186 182 1015 230 3984 1477
1187 2177 1264 2692 1897 1765
1188 881 2882 1920 577 2622
1189 4016 2819 3837 3056 3664
1190 3599 1436 2438 3519 2960
1191 2345 362 2373 2486 3830
1192 2241 1496 2539 2736 2597
1193 1723 599 3599 1848 2654
1194 1275 1503 1748 1873 3579
1195 3745 3256 2797 3082 1824
1196 1663 3170 3647 1079 2942
1197 857 1508 3665 1249 2015
1198 3402 2363 3561 3454 1200
1199 829 395 1686 2019 6
1200 1286 1511 3402 3913 2389
1201 746 2056 284 3070 1468
1202 2573 314 1133 1592 3423
1203 1860 4014 1405 3626 1439
1204 3156 2840 1451 1206 3974
1205 3190 3562 2726 2440 3362
1206 1207 3275 2581 3361 2507
1207 1206 3275 3361 2086 3139
1208 3808 3364 2334 3363 2635
1209 1753 2062 451 1866 3977
1210 3110 1634 1316 2623 1861
1211 1906 1137 2628 1730 2348
1212 1084 2147 349 864 3766
1213 2035 842 3767 2970 3013
1214 2974 2080 2541 2549 2764
1215 1295 2265 815 2750 2763
1216 908 2259 778 675 2461
1217 146 2816 839 657 1320
1218 2426 309 367 2253 1472
1219 2436 1679 1500 1199 2019
1220 2461 537 778 2934 1888
1221 95 870 2827 2509 2317
1222 2804 1031 323 2143 2936
1223 855 2920 1031 132 31
1224 1164 3373 1972 1693 961
1225 2604 1761 560 2949 2846
1226 1465 1233 1444 1442 1301
1227 366 3056 2346 2434 1246
1228 689 2504 0 1132 1312
1229 1839 3976 1928 1913 2982
1230 1522 703 2178 2130 339
1231 777 1582 266 1946 793
1232 1018 2029 2654 1169 165
1233 1039 456 1953 2211 435
1234 3486 770 1275 2929 1396
1235 3097 2273 2387 2180 830
1236 1690 29 818 992 1146
1237 4005 1550 2939 3456 2064
1238 1253 3720 1240 366 1466
1239 1648 809 3238 1256 3016
1240 1104 1244 3257 1246 1466
1241 1687 2928 2540 398 3186
1242 3282 1648 1547 3016 1172
1243 2817 3773 3597 1085 3796
1244 3911 1004 4034 2188 1258
1245 2345 2348 2557 2628 3677
1246 3333 1227 2928 1687 3186
1247 1325 1227 3231 1154 2522
1248 1258 3513 1008 3508 3016
1249 630 3158 2169 2035 738
1250 3563 2439 2128 3695 704
1251 1544 3628 3200 3342 4018
1252 3717 3784 2200 3702 3807
1253 1250 3581 1548 1648 3073
1254 2558 1252 2677 3676 345
1255 814 1073 3913 1416 2778
1256 3238 2593 809 1239 3807
1257 1010 2123 1256 3866 1003
1258 118 1004 3508 3513 3354
1259 1092 1981 3885 1868 3049
1260 2014 408 218 758 2214
1261 1016 421 898 806 674
1262 1775 2461 908 830 2247
1263 2853 3613 115 1770 2844
1264 1187 1278 2552 2193 2819
1265 2283 1363 3011 1677 2293
1266 2444 461 1896 449 464
1267 1002 829 806 2919 1016
1268 738 1286 1674 269 1508
1269 1873 430 909 1583 3060
1270 2746 1977 1114 2137 2104
1271 1688 924 910 3043 2059
1272 1962 1929 184 138 1411
1273 1824 3215 2929 2959 1302
1274 2635 766 2947 3392 3278
1275 770 461 2619 1484 410
1276 920 1354 1133 2226 643
1277 485 2850 1989 596 1276
1278 1832 208 1264 3584 3833
1279 3994 3517 2597 3351 600
1280 1286 3515 1508 1112 2015
1281 2577 2547 3308 2434 2799
1282 1002 3250 408 549 299
1283 1668 3119 261 2514 999
1284 2542 3900 2942 1858 2318
1285 771 1303 363 1896 1741
1286 1200 1508 1513 2429 1280
1287 3901 3692 2886 3732 2708
1288 1603 1176 388 1060 2909
1289 1500 1371 399 2223 2065
1290 3102 838 1355 2560 1233
1291 2274 2324 1290 2036 167
1292 731 3015 1437 909 2341
1293 1037 2891 1405 2215 3654
1294 1199 116 1495 1302 3633
1295 1437 399 870 780 1931
1296 1799 108 3719 537 22
1297 1403 1249 857 1440 1939
1298 3073 217 218 1770 1075
1299 81 101 309 2253 482
1300 1719 1402 3831 1455 2861
1301 741 2920 1952 162 2909
1302 2929 212 461 554 2966
1303 725 1741 363 1285 1896
1304 3784 3144 1388 1962 2803
1305 2656 2650 770 1612 3824
1306 1739 2650 544 865 1738
1307 3547 1119 1936 2079 377
1308 3461 4031 3450 2531 1939
1309 2632 3056 883 2428 3194
1310 3839 3149 4051 2831 3621
1311 1303 1948 3811 1285 1526
1312 943 1656 1228 1604 3932
1313 362 1577 1381 140 3051
1314 150 2237 2567 1544 1526
1315 1663 965 2567 3148 2954
1316 2559 2335 856 3070 320
1317 2486 1420 906 700 1680
1318 1319 3538 3769 2246 405
1319 1318 3923 2047 3586 3285
1320 274 244 299 1217 77
1321 1856 594 3043 1097 714
1322 2641 2642 2352 3532 3333
1323 3366 3674 3259 2999 1555
1324 3613 3566 530 2802 1077
1325 1939 2133 1440 3333 1227
1326 1327 694 3515 1799 3992
1327 693 430 839 1326 1328
1328 2857 1327 693 1949 3515
1329 343 741 1373 1301 2679
1330 2616 2532 3122 2198 388
1331 3510 3981 2888 1887 1398
1332 236 1599 256 3859 2253
1333 2828 2509 3792 2810 3185
1334 2486 817 156 760 714
1335 2016 1305 2561 1000 2435
1336 3151 3965 3046 2424 2249
1337 3672 217 218 1737 3177
1338 1325 597 2245 4047 1381
1339 381 3604 3465 1862 4006
1340 3608 3605 3607 1343 3609
1341 2946 1962 3716 530 1859
1342 3148 2007 3561 319 279
1343 1789 2801 2802 3610 2614
1344 2803 2873 3670 2870 3246
1345 1030 2767 1050 3716 2771
1346 2596 1900 1707 1286 1832
1347 2978 1303 1754 1526 1963
1348 3705 2644 1072 3701 2126
1349 294 243 833 736 2019
1350 1551 2195 1068 3912 1715
1351 3634 3559 2589 2544 3798
1352 2869 1076 1003 1758 1284
1353 1490 3592 3362 1284 3528
1354 1276 1133 2145 3992 1155
1355 3151 2463 952 1497 2274
1356 3831 1094 1797 1211 1137
1357 2002 2227 600 2071 3517
1358 799 3709 709 601 2101
1359 2409 3392 3528 3391 4013
1360 2444 609 448 1289 1266
1361 1582 2496 2596 1432 1100
1362 1119 1677 2984 2393 3241
1363 3012 1265 1212 3428 3150
1364 1073 1365 1799 3060 895
1365 1841 3647 2714 1200 1364
1366 3582 3705 3364 1068 3339
1367 1447 1775 312 2461 3075
1368 4005 2402 2774 3645 2939
1369 319 3804 2715 3692 1375
1370 2980 2131 2209 2356 3735
1371 427 3709 2223 1484 786
1372 236 2616 396 1332 795
1373 2236 1952 3505 435 1301
1374 3698 1375 3792 3453 2872
1375 3453 2287 3144 3926 1004
1376 2538 2375 392 1506 2954
1377 3842 1998 3462 2432 779
1378 256 1332 3128 236 396
1379 756 1332 236 1599 774
1380 958 3899 799 2240 1330
1381 1313 1276 1577 122 851
1382 2453 2422 1429 3797 3752
1383 1749 810 1507 2189 268
1384 1906 768 1137 1018 1211
1385 1290 2966 3270 1234 159
1386 3268 3710 1848 1636 2515
1387 3106 446 3955 3610 1064
1388 3866 3623 3145 1559 1512
1389 506 1782 309 1218 636
1390 3134 2140 1838 2449 3258
1391 2545 723 2411 2240 1481
1392 3969 2107 2528 1980 3177
1393 691 2066 2308 721 2506
1394 2919 1267 2588 978 3345
1395 587 3485 2679 898 1402
1396 3486 212 464 1732 2660
1397 2660 587 2893 2968 1734
1398 1496 787 3510 2654 2539
1399 919 2732 884 2213 1900
1400 150 1511 1200 2266 319
1401 3029 916 3902 1677 917
1402 3599 435 2345 2679 2532
1403 1297 924 1035 2834 1108
1404 3860 3079 2846 2659 3745
1405 2891 2920 1203 544 2236
1406 2495 2903 2346 2406 3314
1407 634 267 156 130 1047
1408 3050 921 906 3910 910
1409 267 495 130 1407 692
1410 1511 1200 2567 2954 1255
1411 2710 1564 1155 138 3767
1412 2433 2444 770 1589 3629
1413 676 780 3015 2228 870
1414 1415 2815 3878 2464 3234
1415 1604 1401 1384 3902 3878
1416 1255 2644 3239 2126 1073
1417 2541 1284 2318 4049 3757
1418 3522 1557 3673 1256 1284
1419 3170 2542 2544 3999 3920
1420 2190 3577 906 1440 1582
1421 2960 3844 3011 2241 2004
1422 2522 2507 1206 3553 3323
1423 3600 1306 2985 1952 3707
1424 2627 3632 1345 3255 1774
1425 2684 1024 1373 277 3262
1426 969 1225 772 1958 2483
1427 2026 133 552 390 123
1428 967 1314 2538 499 2363
1429 2417 3797 651 2735 3923
1430 1079 1196 40 3520 1113
1431 2678 3186 882 2213 496
1432 2596 1431 1582 537 1361
1433 82 982 1447 3274 3929
1434 337 1977 1476 1013 350
1435 1436 2924 1279 3537 3303
1436 2029 1848 3831 2654 740
1437 909 870 1799 1295 3060
1438 1217 1327 2810 86 3470
1439 3740 1717 738 634 3188
1440 3487 857 2189 2834 1939
1441 1859 1467 1527 1495 75
1442 2936 3065 1465 3707 0
1443 3211 2510 3113 1159 958
1444 2206 2344 366 2628 1211
1445 172 800 3316 101 48
1446 921 692 3903 3099 714
1447 2461 2460 3516 675 3427
1448 2345 2029 3844 335 2654
1449 1495 1753 179 973 965
1450 2480 2052 2545 2240 470
1451 3156 3277 2189 640 866
1452 3553 1206 2507 3552 3361
1453 3709 2559 1493 2659 1489
1454 18 833 1400 2302 2954
1455 808 1300 285 456 207
1456 957 1461 700 4024 1981
1457 747 3402 2758 879 3470
1458 1719 2026 1187 3718 358
1459 842 647 2304 1058 738
1460 3616 776 1495 1527 2797
1461 4047 1456 2529 1543 1313
1462 2087 2335 320 494 3135
1463 838 2345 2925 1604 952
1464 1884 3747 4001 398 2928
1465 3065 1226 1987 925 1442
1466 3156 3915 1547 574 1451
1467 576 1441 2857 138 1929
1468 746 2352 3616 3070 2039
1469 1632 3069 3847 2155 1250
1470 3719 2233 3662 3838 129
1471 2399 2074 1452 2564 3145
1472 677 1211 906 1906 3194
1473 398 921 3186 3903 1785
1474 459 1371 3153 1714 3629
1475 329 167 617 3218 457
1476 2941 3024 3079 2584 1977
1477 3984 2573 2384 1592 230
1478 2763 232 1707 2251 2478
1479 3150 2949 2032 3105 3760
1480 2943 1527 2155 2128 2439
1481 1935 444 1275 3213 3197
1482 1942 2510 1538 345 1576
1483 2209 3197 435 741 2210
1484 1801 1275 2526 1960 2759
1485 1861 842 738 2304 1095
1486 455 1190 2247 2513 695
1487 3083 3860 2419 613 3859
1488 3479 2988 3056 1106 2761
1489 3709 2559 2057 866 3156
1490 3362 3361 1858 2894 3391
1491 1078 1493 641 3275 3278
1492 2869 3949 1955 1076 1562
1493 2659 641 1489 2592 2846
1494 3027 3282 2478 3913 3581
1495 1894 1859 3913 776 1075
1496 2539 3534 3510 1169 3773
1497 1721 3499 952 2539 584
1498 1963 727 2436 276 825
1499 1602 591 1549 544 687
1500 28 1199 631 1219 1289
1501 2621 2733 592 2774 2692
1502 3523 2597 1848 3762 635
1503 2746 444 4049 2134 2319
1504 1753 2950 7 3084 2954
1505 382 2059 3992 2275 2034
1506 2432 3702 3145 3694 3454
1507 789 2189 2007 392 1509
1508 1707 2015 1286 1072 857
1509 324 1863 630 1507 789
1510 374 2846 2318 2659 4037
1511 3027 1075 4004 1072 3913
1512 3145 4007 3507 3673 2167
1513 1286 1508 1200 3141 1707
1514 3158 630 1717 3272 1515
1515 3023 3188 1514 630 1249
1516 1008 1009 2135 3016 3767
1517 3077 1877 1068 383 2498
1518 1753 2501 1701 1209 3732
1519 2775 3361 3562 3362 1205
1520 3099 2486 482 2028 2761
1521 2301 1233 1039 1953 3691
1522 1541 2029 1230 3864 1751
1523 2157 248 337 3083 3760
1524 3219 2768 1542 3510 1120
1525 616 1740 3925 3284 3428
1526 1544 150 3490 1896 607
1527 2439 1441 2543 3021 1674
1528 326 884 2213 496 636
1529 3369 3992 2225 421 2120
1530 1084 864 1164 367 1039
1531 2733 3383 2616 2178 3501
1532 2555 3896 3157 2155 1836
1533 344 764 1209 1649 1234
1534 1967 202 2253 1060 251
1535 3814 3702 1557 1069 2123
1536 1256 2441 2548 3952 1205
1537 3625 2541 1977 1013 3757
1538 2381 1730 2628 1123 2463
1539 735 2459 3215 2436 3475
1540 854 1604 2749 3864 3985
1541 1522 2029 2653 830 953
1542 2144 906 3123 874 2392
1543 2629 3051 2346 2434 917
1544 3628 2567 2954 3737 2319
1545 342 857 2133 1057 1108
1546 3429 2464 3382 3595 3424
1547 1172 2581 1242 3016 3355
1548 3238 3702 2778 2086 3275
1549 1843 1148 549 3206 2015
1550 2118 1237 1704 1551 4005
1551 2118 1562 2737 1350 1552
1552 1551 3771 2737 3825 2118
1553 2351 2126 3339 2776 3144
1554 1555 3673 3238 3702 3228
1555 1554 2432 3702 2123 3704
1556 2334 3737 2123 2708 3815
1557 2122 3814 2123 1560 1069
1558 3808 3815 2440 3700 2634
1559 1859 1075 2041 1081 555
1560 2123 3814 2867 1557 2122
1561 3163 3332 2007 3561 1198
1562 2124 1076 1560 1551 2194
1563 2564 1770 551 1388 1564
1564 3369 2204 1411 1213 3767
1565 1507 2954 2567 3462 3477
1566 1567 2735 2978 283 2785
1567 1566 969 979 3923 2735
1568 1867 429 871 2682 1722
1569 1732 2660 898 587 2892
1570 3743 180 1965 2756 2217
1571 290 2573 2567 2824 1942
1572 1457 1750 3561 2362 3592
1573 1606 1122 1712 552 1783
1574 396 3844 2744 1721 2281
1575 2211 456 2209 2210 2679
1576 2628 2348 1211 1137 3677
1577 1313 362 826 1660 1098
1578 1183 2459 2047 1815 2224
1579 1582 1231 1900 3011 301
1580 2302 798 764 2950 194
1581 87 2426 1218 1472 752
1582 777 1231 537 1888 481
1583 870 3060 1931 1799 780
1584 1770 2850 2502 673 694
1585 1774 3449 693 1495 2857
1586 1297 1249 905 2176 2014
1587 555 3329 115 1025 319
1588 3285 3835 3075 3689 3923
1589 3212 2368 1658 1412 1861
1590 2213 2596 1431 208 3353
1591 1949 1494 2882 1006 1328
1592 230 1477 2573 2266 3984
1593 294 1607 231 3984 1963
1594 2030 3277 1668 3753 3544
1595 3218 831 2655 2802 2614
1596 2035 1213 2076 1004 647
1597 2429 243 1002 3461 2068
1598 3140 2852 3717 624 2647
1599 2155 3896 236 1688 1332
1600 1206 3553 3156 2592 2581
1601 2909 2911 1176 2427 1089
1602 1499 827 544 689 1712
1603 1288 8 1643 1176 169
1604 2345 2467 1463 1402 2788
1605 1932 3835 2875 2716 2473
1606 1573 1710 1712 1783 3629
1607 1593 294 735 3984 970
1608 2959 1275 2966 445 3225
1609 1471 2700 2578 2982 2159
1610 2862 1775 2180 2208 2653
1611 2650 88 889 2656 1305
1612 2656 1072 1081 780 3329
1613 1108 3333 3043 1211 2348
1614 675 1137 2310 301 1211
1615 260 169 237 1332 23
1616 540 2411 534 152 1639
1617 3490 1896 607 1182 3520
1618 2523 3244 396 3069 593
1619 1079 3460 2754 2326 3342
1620 3498 706 1038 815 2559
1621 954 1633 2245 3382 1604
1622 3489 1963 2436 2019 483
1623 2573 1607 1945 801 2019
1624 537 481 857 777 2461
1625 3414 2094 528 2062 1410
1626 968 2789 2713 3455 967
1627 3959 1876 1904 528 446
1628 1168 1231 1888 2460 793
1629 3740 2976 574 2920 3158
1630 2713 985 2930 2606 2962
1631 1730 3311 1211 1137 1108
1632 1469 727 878 1250 1849
1633 1245 1621 1702 2246 335
1634 3041 1964 2624 1506 2626
1635 3672 3988 1966 3117 3500
1636 1848 600 2960 3844 1436
1637 3623 2901 1725 3749 3145
1638 2408 1036 2310 1887 1431
1639 1002 534 152 2226 1874
1640 213 759 758 992 2068
1641 1097 3551 1939 110 2834
1642 2434 2530 1120 3051 2346
1643 1288 1176 1603 202 1765
1644 1221 1326 211 870 694
1645 2387 537 2460 1628 2180
1646 381 3839 3780 3981 1845
1647 4031 1874 3250 3843 693
1648 1239 3016 1242 809 1153
1649 2670 1980 2852 4004 2266
1650 3239 3177 3191 3961 4043
1651 2563 1785 2761 492 2213
1652 155 156 817 925 692
1653 1660 635 2346 3244 2144
1654 2610 1583 2492 870 3015
1655 1130 1058 1459 965 1268
1656 794 1355 2463 1312 2453
1657 366 3805 365 944 1085
1658 1860 3212 392 1861 3626
1659 3231 2764 3938 3225 3540
1660 2434 2566 917 2346 2024
1661 70 1293 2472 390 2021
1662 2062 1157 2953 3256 1920
1663 2567 2954 1544 3145 1315
1664 2941 1114 2318 2901 2542
1665 3234 3595 3428 2914 3336
1666 1738 2943 1739 2336 2743
1667 4003 3597 437 2808 3087
1668 516 3553 1600 2856 2386
1669 649 2146 3327 1181 3180
1670 4052 1380 1104 1488 1968
1671 4012 858 3859 3501 2157
1672 3340 3913 1674 1716 2779
1673 507 130 1203 1031 699
1674 3135 3498 3913 3563 2015
1675 1147 2536 2935 2220 2612
1676 1677 916 860 3844 854
1677 1676 854 1401 916 1909
1678 2901 3145 1388 3077 3076
1679 2323 1863 1219 3215 2436
1680 2115 2323 729 2190 71
1681 1956 3803 1750 533 1090
1682 399 1808 693 1002 1457
1683 3490 3920 3092 1926 626
1684 2188 2898 4034 2064 2323
1685 2750 3137 2389 3498 2439
1686 1199 395 1647 1088 324
1687 2540 366 2928 1241 2344
1688 1271 3740 3896 699 2438
1689 3717 3733 1131 1252 451
1690 1236 992 2013 2218 502
1691 2013 3461 885 240 1002
1692 274 2630 2204 3561 2034
1693 3510 2173 2029 335 1165
1694 3537 3051 2434 917 3303
1695 2929 555 2384 1302 2007
1696 2827 3009 2538 2318 449
1697 2015 3665 2352 3513 1072
1698 842 2710 2805 1585 578
1699 1978 936 561 3045 1203
1700 693 3250 2758 3454 842
1701 2501 530 3977 3449 1866
1702 1633 838 1164 520 3499
1703 1666 526 1876 1738 448
1704 3715 2351 3453 2064 1708
1705 3250 2061 269 693 268
1706 2740 3702 3770 1555 2440
1707 3843 693 3250 3644 2816
1708 3732 530 3374 2222 2776
1709 2058 935 3608 3778 3769
1710 1132 1606 1712 1573 2215
1711 1785 292 921 496 3187
1712 2215 1132 1573 1301 2152
1713 842 1841 2097 449 3454
1714 1176 546 133 636 2919
1715 1172 3699 3384 3359 3364
1716 3498 1674 815 3135 704
1717 3626 3158 630 1439 2065
1718 3780 4003 2918 1106 2165
1719 1300 3831 130 1356 285
1720 3185 2810 839 180 2175
1721 1497 3599 1780 1402 2960
1722 1795 1568 1543 1867 3166
1723 2532 3599 3518 1402 1193
1724 1803 1457 772 1575 3197
1725 1554 3673 3647 1922 493
1726 2440 3891 4042 3825 2441
1727 2180 2029 3597 2628 335
1728 207 1188 287 2585 2148
1729 2857 2816 1737 1529 2117
1730 1211 3311 1137 2628 2029
1731 3816 2446 982 2963 2377
1732 2660 3225 1569 587 1396
1733 2134 3717 1926 1922 2930
1734 1397 2186 899 2893 1261
1735 1946 2208 1168 1231 2774
1736 1913 2928 2434 1440 2259
1737 2121 674 912 1770 230
1738 1666 1739 2743 2936 2120
1739 2743 2943 1666 636 2169
1740 3428 3549 3943 3713 3712
1741 1303 3811 725 1896 1285
1742 2919 1899 3461 1743 1267
1743 213 3055 1267 1742 2429
1744 1187 1845 1897 2089 2177
1745 2657 3476 1900 2335 320
1746 1176 1714 2218 295 1288
1747 1281 2821 3018 1976 3525
1748 2319 1922 3625 2567 1725
1749 1383 4007 2385 1098 1757
1750 3561 1572 3305 1284 1503
1751 1180 1522 2653 2208 437
1752 738 2035 2388 1249 1674
1753 1518 451 1944 2501 1209
1754 1539 2459 1804 2755 2412
1755 1037 856 279 2253 3859
1756 2173 1693 2628 937 2206
1757 2497 2189 3145 1506 3454
1758 1560 2123 3907 3814 1759
1759 2440 1557 3814 1560 2122
1760 2635 1208 2542 3808 2942
1761 3392 3090 3305 1113 1284
1762 3584 3371 3448 3236 1395
1763 1922 2626 3672 493 3253
1764 3234 377 3617 1605 2883
1765 1797 2264 2761 1356 3152
1766 1547 3948 1008 1009 1902
1767 23 3537 175 237 301
1768 1769 753 1852 3051 2830
1769 1768 2119 3938 2866 3231
1770 2710 1008 138 2121 1774
1771 1556 3815 3737 2123 3673
1772 3737 2853 3815 3623 3259
1773 3737 2369 3258 3958 3920
1774 1585 138 3449 1770 530
1775 2208 2862 2461 2460 3427
1776 352 2412 349 337 2955
1777 3992 230 643 2336 1495
1778 2189 1451 1508 857 549
1779 818 3292 2202 1841 4007
1780 2395 1721 1402 3599 639
1781 2227 635 2071 437 2279
1782 1389 1686 506 884 98
1783 2711 3485 3465 4031 552
1784 1457 3781 16 647 3990
1785 3903 3187 3186 2213 2761
1786 1075 911 3714 2352 3611
1787 3260 1241 2811 3479 1488
1788 3947 3815 2777 3908 3701
1789 3229 3603 3228 1792 1077
1790 1792 3814 2867 3906 1555
1791 3229 3228 2740 3814 3909
1792 1075 1789 3228 1063 3229
1793 2125 2159 3048 2803 3872
1794 2819 2808 3597 4006 600
1795 3051 1543 2292 3413 1981
1796 468 3504 561 3887 3797
1797 1765 1211 3831 1356 1848
1798 2513 207 1724 2242 2243
1799 3060 870 1931 780 1583
1800 0 2557 367 2747 2674
1801 2759 1960 1484 2840 4048
1802 3350 2318 3077 3339 3364
1803 410 770 3197 3213 785
1804 1948 483 727 1754 3984
1805 780 1583 3733 3570 154
1806 2368 3015 2302 1679 745
1807 3152 3465 4006 1279 3534
1808 1809 1028 640 549 1682
1809 2371 1808 2267 3714 3545
1810 2083 275 3650 2140 2647
1811 152 408 885 1261 2226
1812 215 312 1245 1751 1994
1813 1005 3540 1857 2848 2048
1814 2393 3224 1756 1086 2768
1815 3549 2595 1578 219 3548
1816 2555 496 3187 1431 2213
1817 2543 287 2411 3110 3358
1818 1638 496 2916 2216 1431
1819 1830 2367 3856 3130 2227
1820 3130 2831 2395 2227 3028
1821 3903 1827 2938 3187 2732
1822 992 674 991 806 759
1823 1647 1585 3137 693 627
1824 1559 1859 2564 1929 1075
1825 2538 392 3145 1388 814
1826 608 2488 3196 1415 3080
1827 3187 3903 382 1821 2555
1828 3160 929 2925 838 1020
1829 2984 854 1119 823 1318
1830 635 2367 3831 3805 2539
1831 1157 3183 3490 568 3262
1832 208 2596 1278 1176 884
1833 1939 1097 882 2596 1297
1834 350 2044 3876 3421 2176
1835 3551 3747 2732 2834 2075
1836 3532 2834 1178 2252 3043
1837 138 268 2007 1213 576
1838 1388 1954 3613 3955 3670
1839 2982 1229 3787 1172 2775
1840 2208 2247 3578 1775 908
1841 1075 1365 1506 3647 3145
1842 3715 3732 2508 3136 1704
1843 3804 118 2389 3508 2559
1844 2928 2294 3837 3186 3333
1845 2177 3780 4006 1887 2339
1846 3600 1847 1275 461 3625
1847 1846 3600 1922 3625 1907
1848 1436 3831 437 2654 2029
1849 867 868 706 2412 1462
1850 181 3806 2941 1046 2714
1851 1186 2376 105 1389 2203
1852 3043 1925 1178 3747 2144
1853 2846 3064 3275 3749 2318
1854 1801 1960 2526 1484 455
1855 1825 1748 3600 461 1847
1856 921 714 1097 1321 2303
1857 1813 3334 3315 3200 2107
1858 1207 2635 2542 1208 3238
1859 1075 2121 1559 3716 118
1860 1658 2438 2920 1203 746
1861 630 1485 738 2035 3626
1862 2552 3747 2165 1436 3780
1863 2323 324 1509 1679 160
1864 2327 2521 2500 909 2228
1865 2642 3899 3810 2898 3910
1866 3810 530 3919 2767 1701
1867 640 1568 2682 3051 2292
1868 3544 1376 1259 1757 3277
1869 2708 2790 3117 3141 1555
1870 3773 1496 2808 2506 2434
1871 2309 707 1973 3577 326
1872 814 2243 2454 2778 2825
1873 2255 2828 1269 3886 909
1874 4031 2429 3843 3250 2225
1875 2634 2648 1076 1257 3239
1876 3228 2853 3955 3229 1877
1877 1548 2777 1876 2498 2946
1878 1933 2081 3791 1085 3427
1879 1437 303 1221 3060 1283
1880 3232 3016 1143 1648 2939
1881 1085 2984 366 691 1657
1882 917 2645 916 3130 2723
1883 1037 2976 2087 709 699
1884 1178 3237 1836 3981 3050
1885 1475 699 563 3368 2919
1886 2943 2169 1674 1739 1515
1887 2339 2916 3186 2678 3839
1888 537 3427 1582 1231 2460
1889 1758 2200 3907 2901 1560
1890 122 629 1863 241 2115
1891 1157 1234 890 2302 1266
1892 2225 325 3644 382 3513
1893 3515 2015 1286 1297 856
1894 1495 3027 3913 3581 2776
1895 3070 3896 3137 2087 1883
1896 1526 607 1617 3490 1948
1897 1887 2339 1356 1765 1211
1898 3534 1870 3152 1496 3189
1899 3679 1742 3886 3461 3970
1900 924 3833 1745 1399 133
1901 2762 1803 770 452 410
1902 1766 2537 1983 3094 911
1903 1900 133 1035 634 924
1904 2879 2647 1922 3082 3628
1905 2459 1370 1335 1163 3993
1906 1211 1137 1730 2281 2553
1907 2879 3625 1904 3082 1847
1908 2945 2552 2525 3438 322
1909 1677 3234 854 3816 947
1910 946 1398 3795 660 437
1911 1018 1848 564 948 334
1912 3541 341 789 3487 3240
1913 2014 4031 3231 2066 2632
1914 2629 2434 691 932 366
1915 135 3647 2647 3673 3976
1916 2431 1311 2237 2655 1695
1917 419 402 3146 976 2468
1918 1944 3561 1342 888 2318
1919 3183 3490 3261 2813 1129
1920 738 1717 269 1188 3626
1921 2031 2712 2887 2876 3917
1922 2880 3623 3628 3673 3620
1923 1663 1284 2542 2746 3528
1924 759 3932 1122 3884 3931
1925 3043 2059 1835 924 1407
1926 2870 1927 189 2651 2105
1927 2137 1922 1748 1503 2544
1928 3968 701 3702 1506 1548
1929 2351 3144 3178 3533 2776
1930 3428 838 3816 1633 893
1931 870 1799 1583 1437 909
1932 1605 3595 3234 2079 3336
1933 3791 1109 1878 3597 3438
1934 3380 1868 3129 2512 1461
1935 2210 770 2209 1483 1275
1936 3011 1735 2652 653 2621
1937 3924 2786 3205 996 2139
1938 3859 3083 641 349 2004
1939 1097 4031 2834 1835 1403
1940 2809 3241 3320 2470 3618
1941 3056 2029 2264 3510 740
1942 743 476 2239 3211 3734
1943 2801 2802 2702 2614 1789
1944 2302 2879 2567 449 2007
1945 1477 2019 1219 2573 230
1946 1168 1231 1735 1582 777
1947 3103 612 1983 3098 1736
1948 3490 3170 2813 1526 2780
1949 1328 1495 1494 3913 3282
1950 1493 1225 2659 577 696
1951 2506 1971 1870 1830 3805
1952 2209 1301 2236 435 3706
1953 1233 435 2211 2209 1039
1954 3624 1388 446 3674 3623
1955 3342 3460 2200 814 3900
1956 3269 1493 3803 2659 1453
1957 744 201 1203 390 2630
1958 430 1920 2368 3213 517
1959 3729 3442 1032 2878 2356
1960 1801 2759 2840 3466 2591
1961 2236 1952 2209 435 770
1962 1859 3339 3307 3716 1075
1963 727 2436 3215 2459 1498
1964 1965 2067 2014 2977 2917
1965 3673 2200 3988 3976 3254
1966 3988 1635 3672 3117 3673
1967 2897 2155 866 3861 3155
1968 2346 906 2486 3789 3186
1969 3878 1085 3594 3864 3844
1970 3282 3840 1748 2917 3672
1971 3510 2808 366 4006 1870
1972 961 2278 1224 2550 1981
1973 2618 1848 2692 1797 3479
1974 986 231 3040 832 3549
1975 3944 2886 3064 1853 2007
1976 3856 1636 2540 3789 635
1977 2544 4000 2542 2541 2319
1978 3045 1699 2965 936 1031
1979 537 1440 1269 2050 1863
1980 1649 3191 3140 3177 1392
1981 2495 2566 3166 3051 1660
1982 667 3813 227 368 79
1983 1902 3103 436 3448 460
1984 2936 2939 1177 373 3740
1985 3120 1343 3308 1291 2493
1986 911 3050 1178 3921 398
1987 1465 3062 1986 398 2366
1988 3062 3957 2071 2002 2971
1989 1276 885 152 3644 905
1990 3094 1876 528 3105 1847
1991 1846 2479 1824 1847 2105
1992 3336 2481 3595 1740 3800
1993 2960 2637 600 3601 2003
1994 2245 2283 1621 1840 1446
1995 3867 3525 3562 2432 3366
1996 3269 1188 641 1668 1956
1997 1784 4017 2528 1087 1419
1998 3462 3623 3034 2549 2974
1999 3648 2237 2954 2567 3806
2000 3737 2542 3623 3673 1922
2001 3296 1300 2861 73 1890
2002 1357 2071 2003 2070 3957
2003 3523 2002 3517 1357 1993
2004 866 1489 2657 3320 2057
2005 3737 3958 3034 3170 2851
2006 2609 2953 2608 3958 2851
2007 2567 923 3745 138 2318
2008 3999 3170 3258 3828 2930
2009 3702 3807 2200 2635 3482
2010 2635 3064 2197 1555 2334
2011 2202 3145 2700 1506 1763
2012 2011 4008 820 1763 3338
2013 1691 1647 829 212 319
2014 2977 2775 4031 1506 3250
2015 1072 3515 3695 1674 3563
2016 1335 363 249 337 2080
2017 2260 2213 3532 496 2555
2018 1085 3751 2467 1463 3799
2019 2436 3454 3148 150 3984
2020 2371 2267 3930 3603 3605
2021 3932 2218 240 1458 718
2022 3799 1992 1740 3428 3739
2023 3157 1547 1715 2368 1172
2024 2434 3588 2597 2540 2811
2025 2870 3737 3920 3784 3808
2026 1458 922 3584 1427 1181
2027 728 2337 2907 1333 3791
2028 2834 2486 3099 906 928
2029 1436 2674 335 1848 1211
2030 3876 3064 3759 3174 3291
2031 2585 1439 3917 1752 2035
2032 3654 2939 2064 2220 3045
2033 3505 2236 2451 1306 1712
2034 3767 3369 1859 3013 2035
2035 3013 3767 738 3368 842
2036 2698 2689 2629 2681 3883
2037 3883 3605 548 2690 3263
2038 2119 2996 2738 2799 2740
2039 546 1030 3485 1468 1171
2040 1832 1264 1712 3833 1785
2041 1559 1072 1028 3013 1485
2042 3523 3844 1502 2597 1636
2043 2901 3540 3702 3366 3806
2044 2933 1627 1834 1617 825
2045 1162 694 3508 2226 673
2046 3712 3835 2704 3504 3285
2047 532 3356 1578 3549 2785
2048 2848 929 1563 2261 2854
2049 663 2261 1273 23 362
2050 537 155 3970 778 2992
2051 2139 157 2785 150 2978
2052 756 1450 2235 249 128
2053 2302 1315 343 163 2368
2054 2959 3919 2433 3885 2526
2055 3714 3766 3250 3922 1316
2056 543 746 1468 3070 1201
2057 1489 866 2657 2004 2559
2058 1709 2090 945 3621 4039
2059 924 699 3043 1925 1407
2060 3556 3251 2321 1010 1634
2061 3515 1008 2075 2710 2389
2062 2751 1209 2007 138 135
2063 377 3382 719 3123 1119
2064 2898 4005 3159 2351 3338
2065 3626 3159 7 3358 1717
2066 3333 1913 4001 2403 1246
2067 1964 4004 2266 2857 1326
2068 806 408 1823 2226 213
2069 3621 1310 2193 1357 2945
2070 2071 2971 2002 3957 2576
2071 3773 3762 2144 3796 2070
2072 3702 3366 1535 1010 3623
2073 2074 2072 1922 2765 2759
2074 2073 2399 3266 1922 2700
2075 2938 1835 2061 3551 3903
2076 842 138 738 269 1213
2077 2934 731 1220 2560 303
2078 3045 3663 3970 574 2526
2079 3382 3943 2716 1546 1932
2080 725 2655 521 3803 1214
2081 3427 1169 3124 1447 1667
2082 2658 2004 2281 3404 2657
2083 2857 1700 2844 2135 401
2084 2825 3567 1728 1278 756
2085 3012 2356 2395 1721 3729
2086 2778 3238 1207 1548 3361
2087 1674 2169 3137 3498 3135
2088 3030 637 1667 3978 1085
2089 1018 2654 1232 933 948
2090 3966 2144 3062 3762 2423
2091 1092 2820 732 2925 3086
2092 2484 1080 62 17 4019
2093 1536 3282 1172 4043 2917
2094 1625 212 400 1095 2007
2095 3470 2139 2849 1682 978
2096 971 3092 189 2139 2099
2097 842 3767 3013 2710 299
2098 3368 2805 3369 2035 3992
2099 3184 3924 2096 3920 3092
2100 631 1059 1380 3015 799
2101 2559 1358 1489 3709 3288
2102 2686 2230 2078 785 3599
2103 2319 1904 1977 1922 2542
2104 3737 3673 3784 3092 2870
2105 2479 1131 3810 2852 1157
2106 460 1138 2307 3535 2455
2107 1617 3920 3490 3520 2369
2108 3826 1768 3387 3789 247
2109 2780 3764 2326 3261 3872
2110 2963 3542 2949 337 3760
2111 2118 2179 2737 1552 1551
2112 762 2034 272 394 1305
2113 1555 1388 2801 2432 2399
2114 1712 2203 2215 0 926
2115 1680 2375 1890 1042 3411
2116 2795 1928 1913 2410 2958
2117 2857 3369 401 1729 3767
2118 1551 2179 3771 1552 2737
2119 2740 2640 3397 3770 3398
2120 500 1075 526 1666 3992
2121 2336 1859 530 1495 2943
2122 1557 3814 2123 1069 1560
2123 3814 1560 3702 2122 1069
2124 1562 3003 1560 3507 2123
2125 3435 451 1635 1966 2803
2126 3508 1072 2776 1348 118
2127 3258 2122 3814 1557 1003
2128 3563 3695 3135 2439 3665
2129 3339 3581 1962 1877 2767
2130 2309 132 1060 729 2348
2131 439 3102 1780 1370 3518
2132 1877 2946 3426 1846 3253
2133 1325 2434 366 2367 1227
2134 1922 1131 2880 2137 2544
2135 1009 1011 1516 1008 1179
2136 3505 673 553 2852 2433
2137 2319 2479 1922 1944 3628
2138 2338 275 3119 3618 2435
2139 3092 3489 273 2608 3958
2140 1904 2647 3092 3959 2608
2141 2557 2144 2534 1522 2406
2142 921 1473 714 398 760
2143 3137 746 2804 3616 3070
2144 2392 3762 3597 2557 2071
2145 2710 2816 693 1155 3013
2146 3708 2606 645 3811 786
2147 1212 349 1084 1164 1938
2148 521 3218 770 459 443
2149 1234 162 2767 343 3040
2150 3819 3810 386 1872 574
2151 3778 2422 2337 3160 2301
2152 636 1301 884 162 1952
2153 1835 3270 2252 3043 3599
2154 2397 3269 3711 605 238
2155 3896 1967 4036 4035 2897
2156 349 653 2568 2976 3270
2157 3083 641 858 767 1489
2158 2041 1493 2223 7 2065
2159 2160 3900 1452 2360 1274
2160 3278 3553 1206 1274 1452
2161 909 108 2255 92 2828
2162 2733 1601 2774 3050 3991
2163 543 2143 1222 2188 2920
2164 2693 906 2761 1848 2618
2165 3050 3780 1718 3805 3981
2166 1068 2498 2548 3141 2290
2167 3003 2123 1003 2334 1010
2168 3532 1180 3921 2438 2563
2169 3137 1258 2035 2943 3513
2170 1156 690 236 745 764
2171 4041 491 1874 882 4031
2172 345 465 1392 3183 2793
2173 334 3056 906 2344 3510
2174 434 261 1719 781 601
2175 3078 1725 1131 1770 1091
2176 1586 425 1006 3454 876
2177 1845 1187 1897 2678 1765
2178 1531 3383 2569 2733 3693
2179 2118 1553 1551 2997 3771
2180 2653 329 830 2652 1946
2181 1943 1563 2614 3916 2801
2182 1883 1188 1688 4035 881
2183 2292 2905 3018 3051 3802
2184 3364 3582 2221 2886 3139
2185 3073 3808 4018 3705 3350
2186 587 3717 3540 2892 1928
2187 1928 1048 2858 2759 3756
2188 4034 746 2143 1684 2064
2189 857 1451 1440 1757 640
2190 1420 2323 3577 2761 2618
2191 392 701 2228 2067 1376
2192 3791 2554 3649 2366 830
2193 3621 2753 1794 4006 2069
2194 3700 3003 2200 2123 3238
2195 2201 3364 2778 3705 1068
2196 1246 2896 3896 1895 874
2197 2200 3702 2202 3466 2194
2198 1730 2628 1211 2911 2616
2199 3354 3563 3508 2128 3159
2200 3702 3807 3737 3907 3238
2201 3364 3705 2195 2778 3838
2202 3702 2123 2432 1555 3866
2203 593 506 2114 1712 1389
2204 138 1770 2844 1564 401
2205 2128 866 2155 2382 3083
2206 366 2654 1848 2557 3050
2207 3159 2771 815 2126 3508
2208 3427 1775 2862 2553 2552
2209 2211 2210 435 1483 456
2210 2209 2211 1483 770 1935
2211 2209 2210 456 1039 1233
2212 3535 1954 987 1387 2106
2213 496 3187 2555 1827 1785
2214 2710 2321 218 536 217
2215 1712 3505 433 1132 1745
2216 1431 2888 3839 3186 2916
